23 50 77 50 64
21 77 48 63 21 71 31
26 50
48 57 62
57 72 2
47 57 62
56 75 40 63 47 62
23 2 39 64
7
50 63 21 71 33
5
47 66 31 66 44
53 63 38 71
37 77 31 77 31 77 31 77 31 75 33 46 53 91 77 56 77 38 64
21 45 64
42 50 21 75 2
42 71
6 56 66 1
57 62 8
21 63 54 75 48 71
21 65 46 48
53 75 21 50
21 73 53 48
44 62 47
56 77 31 64 43 71 40
88 38 64 48
5 44
47 71 57
21 75 2
44 75 50
48 57 62
57 62 8
6 28
46 57 54 63 53 48 36 77 48 64
42 71
6 42
53 62 50 71
38 71 50 77 57 64
46 71
53 64 43 64
21 71
56 62 37
46 63 40
53 64 38
45 64
94 77 48 64
38 71
48 57 71
57 62 8
48 77 31
5 94 77 56 40 46 64 36
23 65 48 77 46 64 36 77 48 46 48 57 63 46
46 77 28 77 31 71 38 63 56 71 56 77 31 48 77 31 77 31 75 23 65 48 77 47 65 28 64
40 62 40 66
42 42 62
47 71 42 64 7
21 73 40 77 23 77 48 71 31 50 71 54 40 77 56
5 2 38
56 71 50 71 44 77 48 71 31 63 47 40 77 56
37 77 31 77 31 77 31 77 31 77 21 75 45 53 53 77 33 77 48 77 33
21 62 42 63 50 77 53
53 72 38 57 63 56 26 63 40
50 73 23
44 62 36
56 46 29 40 71
21 71
50 63 15
15 21
54 71 48
42 93 36 71
57 62 8
46 75 92 64 28 64
42 66 48 64
23 91 50
42 93
23 62 15
46 57 54 63 53 48 36 77 48 64
56 71 50 71 44 77 48 71 31 63 47 40 77 56
6 36
46 72
40 36 64 53 71
42 77 50 71 56
42 75 46 71 2 33 64
5 50 75 2 23
53 63 36
40 2 38 63 40 64
53 63 26 48 71
50 36 64 54 62
48 62 28 40
53 63 26 48 71
46 2 38 48
53 63 26 48 71
21 50 42 71 54
56 50 77 53 64
23 65 48 77 46 64 36 77 48 46 48 57 63 46
39 62 40
39 62 40
56 36 23 65 48 66
36 71 48 62
57 64
6 56 48 62
46 77 23 77 50 75 53 71 54 65 46 40 63 31 64
56 50 66 31 71
46 56 77 23
37 77 31 77 42 56 77 31 21 73 33 77 43 77 94
48 72 50 44 73 33 77 23 71 31
57 75 42 71
7 36
7 56
43 75 48
38
33 71 53 50 73 42 46 71 2 31
5 2 38
43 75 48
6 46
6 38 46 64
42 77 48 45 65 21 63 48 62 7 50
42 77 48 45 66
21 64
21 67 42 62
7 46 77 48 62 40 57 54 77 46 64
31 75 33 47
7 56
46 57 54 63 53 48 36 77 48 64
21 77 47 62
43 48 21
42 92 36 62
57 62 8
53 63 50
46 75 92 64
5 2 38
46 40 75 57 48
42 48 77 48 64 21 48
5 42 75 50 75 23 63 91
36 75
40 36 64 19 2
43 75 48
43 62 21 71
42 21
44 75 36
46 57 54 63 53 48 36 77 48 64
53 77 47 62 42 46
44 62 1 53 56 62 43
42 21 63 56 77 36 62 40
53 71 48 77 40 62
46 65 46 77 44 62 8
48 77 31
48 62 46 71 54 77 26 62 57 50
23 65 48 77 46 64 36 77 48 46 48 57 63 46
46 77 56 63 2 21 77 48 75 2 37 33 71
56 65 42 48 77 44
23 65 48 66
42 62
28 75 7 40 62 42
42 77 48 71 40 62
44 62 42
48 71
44 62 42
94 77 48 64
22 75 48
57 75
56 62 48 71
21 71
56 62 48 71
6 42 77 31 48 77 33 77 56
46 57 40 36
56 71
21 65 26
46 36
21 48 40 62
56 2 38 64 42 21 75 50
40 48 71 2 38 77 48 46 75 38 64
36 65 40 71
44 75 50 62
36 75
56 46 29
57 75
23 47 62
56 2 38 64
45 62 8
48 62 36
44 57 65 36
23 75
23 47 71
28 62
56 75
28 62
40 57 64
36 75
44 53 50 42 2 36 64
21 48 36 62
48 57 71 23 62
21 73 50 43 66 40 63 31 77 54 63 48 77 31
21
44 62 38
17 33 63 15 40 77 56
21 75
45 64
44 62 50
38 63 22 62 8
