6 20 11 11 24
2 17 8 2 10 4 19
2 7 0 11
17 0 7 0
7 0 8 13
24 0 7 0
18 14 13 8 24 0
6 0 13 3 7 8
8
11 8 10 4 3
0
24 14 20 19 20 1 4
21 8 3 4 14
7 19 19 15 18 19 2 14 3 12 21 16 7 25 1 3 0 8
10 0 1 7 8
15 0 11 10 14 13
15 4
0 0 18 14 14 13
7 0 8
10 8 18 7 14 17 4
10 20 12 0 17
21 14 2 0 11
2 14 21 4 17
1 24
18 19 4 15 7 4 13
16 0 3 8 17
0 1
24 4 7
10 14 13
1 14 11
17 0 7 0
7 0 8
0 0 9
12 0 7 0 18 7 8 21 17 0 19 17 8
15 4
0 0 15
22 0 11 4
3 4 11 7 8
12 4
22 8 5 8
10 4
18 0 19 7
12 8 13
22 4 4 3
1 7 8
5 17 4 4
3 4
17 0 7 4
7 0 8
17 19
0 5 18 0 13 0 12 4 4 19
6 20 17 12 4 4 19 17 0 12 17 0 7 8 12
12 18 6 3 4 3 8 2 0 19 4 18 0 22 0 17 3 19 14 6 20 17 20 9 8
13 0 0 13 20
15 0 15 0
24 4 15 8 4 4 4
2 14 13 6 17 0 19 20 11 0 19 8 14 13 18
0 13 3
2 4 11 4 1 17 0 19 8 14 13 18
7 19 19 15 18 19 2 14 7 13 21 5 22 21 3 17 22
10 0 15 8 11 21
21 0 8 3 4 7 8 18 0 2 7 8 13
11 14 6
1 0 0 19
18 0 12 9 7 0 13 4
10 4
11 8 24 4
4 10
18 7 4 17
15 0 3 7 19 4
7 0 8
12 14 3 8 9 8
15 20 17 8
6 0 25 0 11
15 0 3 7
6 0 24 4
12 0 7 0 18 7 8 21 17 0 19 17 8
2 4 11 4 1 17 0 19 8 14 13 18
0 19
12 24
13 0 19 8 21 4
15 11 0 2 4
15 14 12 4 13 3 8
0 11 14 13 6
22 8 19 7
13 0 13 3 8 13 8
21 8 2 7 0 17 4
11 0 19 8 18 7 0
17 0 9 0 13
21 8 2 7 0 17 4
12 0 13 3 0 17
21 8 2 7 0 17 4
10 0 11 15 4 18 7
18 0 11 21 8
6 20 17 12 4 4 19 17 0 12 17 0 7 8 12
3 7 0 13
3 7 0 13
18 0 19 6 20 17 20
19 4 17 0
7 8
0 0 18 17 0
12 18 6 11 14 21 4 18 7 20 12 0 13 8 19 24
18 0 11 20 19 4
12 18 6
7 19 19 15 18 19 2 14 3 17 1 5 22 17
17 0 8 11 1 20 3 6 4 19
7 14 15 4
8 19
8 18
5 14 17
3
3 4 21 4 11 14 15 12 4 13 19
0 13 3
5 14 17
0 0 12
0 0 3 12 8
15 17 0 1 7 20 10 8 17 0 8 11
15 17 0 1 7 20
10 8
10 17 8 15 0
4 12 17 0 0 13 7 0 18 7 12 8
19 14 3 0 24
8 18
12 0 7 0 18 7 8 21 17 0 19 17 8
10 24 0
15 7 0 17 0 10
15 0 3 19 0
7 0 8
22 8 11 11
12 14 3 8
0 13 3
12 0 13 14 7 0 17
15 0 17 17 8 10 0 17
0 15 14 11 14 6 8 25 4
19 14
13 0 19 8 14 13
5 14 17
5 0 10 4
15 0 10
1 14 0 19
12 0 7 0 18 7 8 21 17 0 19 17 8
21 24 0 15 0 12
1 0 13 21 18 0 5 6
15 0 10 8 18 19 0 13
21 4 17 13 0
12 20 12 1 0 8
17 19
17 0 12 4 18 7 2 7 0 7 0 11
6 20 17 12 4 4 19 17 0 12 17 0 7 8 12
12 18 6 8 13 2 17 14 13 19 7 3 0 24
18 20 15 4 17 1
6 20 17 20
15 0
9 14 8 13 0 0 15
15 17 4 13 0
1 0 0 15
17 4
1 0 0 15
5 17 4 4
10 7 14 17
7 14
18 0 0 17 4
10 4
18 0 0 17 4
0 0 15 19 0 17 3 18
12 4 7 13 0 19
18 4
10 20 2 7
12 0 19
10 0 17 13 0
18 0 13 3 4 4 15 2 14 11
13 0 17 4 13 3 17 0 12 14 3 8
19 20 13 4
1 14 11 0
19 14
18 0 12 0 9 7
7 14
6 0 24 0
18 0 13 3 24
1 7 0 8
17 0 0 19
1 0 7 20 19
6 14
6 0 24 4 4
9 0
18 14
9 0
13 0 7 8
19 14
1 0 21 0 11 0 15 0 13 19 8
10 0 17 19 0
17 0 7 4 6 0
2 14 14 11 5 20 13 13 24 19 18 7 8 17 19
10
1 0 0 3
0 20 3 8 4 13 2 4
10 14
1 7 8
1 0 11 11
3 8 10 7 0 24 8
